len: 905
metrics_val: 0.878844169246646
metrics_ove: 0.022033710565543454
metrics_ali: 0.0046338920146440955
metrics_und_l: 0.8314594966165644
metrics_und_s: 0.43197278911564624
metrics_uti: 0.25410159915056757
metrics_occ: 0.20880194364379892
metrics_rea: 0.18741514749764512
